"ts";"DEW";"RH";"TEMP"
"2021-03-06T20:20:22.312Z";14.65999984741211;54.59000015258789;24.35999870300293
"2021-03-06T20:30:20.773Z";15.109999656677246;56.30999755859375;24.329999923706055
"2021-03-06T20:40:20.120Z";14.179999351501465;53.599998474121094;24.149999618530273
"2021-03-06T20:50:19.497Z";13.889999389648438;52.619998931884766;24.149999618530273
"2021-03-06T21:00:19.269Z";14.989999771118164;56.06999969482422;24.279998779296875
"2021-03-06T21:10:18.353Z";15.279999732971191;56.43000030517578;24.479999542236328
"2021-03-06T21:20:17.760Z";14.529999732971191;54.02000045776367;24.40999984741211
"2021-03-06T21:30:17.155Z";14.719999313354492;54.71999740600586;24.399999618530273
"2021-03-06T21:40:16.993Z";15.029999732971191;55.31999969482422;24.549999237060547
"2021-03-06T21:50:15.988Z";15.40999984741211;57.78999710083008;24.229999542236328
"2021-03-06T22:00:15.379Z";15.679999351501465;58.93000030517578;24.189998626708984
"2021-03-06T22:10:14.715Z";15.719999313354492;58.25;24.43000030517578
"2021-03-06T22:20:14.218Z";16.190000534057617;58.459999084472656;24.869998931884766
"2021-03-06T22:30:13.343Z";16.020000457763672;57.41999816894531;24.989999771118164
"2021-03-06T22:40:12.727Z";15.579999923706055;56.54999923706055;24.76999855041504
"2021-03-06T22:50:12.268Z";15.829999923706055;57.25;24.84000015258789
"2021-03-06T23:00:16.316Z";15.639999389648438;54.78999710083008;25.35999870300293
"2021-03-06T23:10:15.576Z";15.119999885559082;52.81999969482422;25.420000076293945
"2021-03-06T23:20:14.878Z";16.059999465942383;55.73999786376953;25.51999855041504
"2021-03-06T23:30:14.346Z";16.5;57.029998779296875;25.619998931884766
"2021-03-06T23:40:13.612Z";16.35999870300293;56.61000061035156;25.59000015258789
"2021-03-06T23:50:12.914Z";16.420000076293945;56.80999755859375;25.599998474121094
"2021-03-07T00:00:12.191Z";16.739999771118164;58.119998931884766;25.559999465942383
"2021-03-07T00:10:11.571Z";15.90999984741211;55.529998779296875;25.43000030517578
"2021-03-07T00:20:10.873Z";16.469999313354492;57.5;25.44999885559082
"2021-03-07T00:30:10.458Z";16.770000457763672;58.459999084472656;25.489999771118164
"2021-03-07T00:40:09.754Z";16.350000381469727;57.029998779296875;25.459999084472656
"2021-03-07T00:50:08.968Z";15.9399995803833;55.349998474121094;25.51999855041504
"2021-03-07T01:00:08.231Z";16.81999969482422;58.69999694824219;25.469999313354492
"2021-03-07T01:10:07.434Z";15.84999942779541;54.84000015258789;25.579999923706055
"2021-03-07T01:20:06.622Z";16.649999618530273;58.07999801635742;25.469999313354492
"2021-03-07T01:30:05.826Z";17.059999465942383;60.5;25.219999313354492
"2021-03-07T01:40:05.111Z";16.60999870300293;59.16999816894531;25.119998931884766
"2021-03-07T01:50:05.147Z";15.90999984741211;56.869998931884766;25.029998779296875
"2021-03-07T02:00:03.973Z";15.859999656677246;57.05999755859375;24.920000076293945
"2021-03-07T02:10:03.387Z";15.429999351501465;55.189998626708984;25.01999855041504
"2021-03-07T02:20:02.154Z";15.619999885559082;55.69999694824219;25.06999969482422
"2021-03-07T02:30:01.486Z";15.769999504089355;55.23999786376953;25.369998931884766
"2021-03-07T02:40:00.605Z";15.339999198913574;51.209999084472656;26.18000030517578
"2021-03-07T02:49:59.903Z";15.869999885559082;51.619998931884766;26.619998931884766
"2021-03-07T02:59:59.106Z";16.06999969482422;51.689998626708984;26.81999969482422
"2021-03-07T03:09:58.242Z";15.630000114440918;50.369998931884766;26.779998779296875
"2021-03-07T03:19:57.503Z";16.40999984741211;53.779998779296875;26.510000228881836
"2021-03-07T03:29:56.803Z";16.709999084472656;56.709999084472656;25.939998626708984
"2021-03-07T03:39:56.054Z";15.049999237060547;51.709999084472656;25.689998626708984
"2021-03-07T03:49:55.278Z";15.039999961853027;51.90999984741211;25.619998931884766
"2021-03-07T03:59:54.260Z";15.6899995803833;53.029998779296875;25.969999313354492
"2021-03-07T04:09:53.478Z";14.880000114440918;49.62999725341797;26.209999084472656
"2021-03-07T04:19:52.610Z";15.34999942779541;52.46999740600586;25.779998779296875
"2021-03-07T04:29:51.745Z";15.519999504089355;55.0;25.170000076293945
"2021-03-07T04:39:50.890Z";15.589999198913574;56.12999725341797;24.90999984741211
"2021-03-07T04:49:50.083Z";15.119999885559082;55.12999725341797;24.69999885559082
"2021-03-07T04:59:49.796Z";14.739999771118164;53.66999816894531;24.739999771118164
"2021-03-07T05:09:48.605Z";15.34999942779541;56.57999801635742;24.510000228881836
"2021-03-07T05:19:47.828Z";15.90999984741211;58.54999923706055;24.549999237060547
"2021-03-07T05:29:47.076Z";15.529999732971191;56.40999984741211;24.760000228881836
"2021-03-07T05:39:46.263Z";15.319999694824219;55.0;24.94999885559082
"2021-03-07T05:49:45.534Z";15.880000114440918;56.82999801635742;25.010000228881836
"2021-03-07T05:59:45.463Z";16.639999389648438;60.59000015258789;24.75
"2021-03-07T06:09:44.204Z";15.380000114440918;62.16999816894531;22.979999542236328
"2021-03-07T06:19:43.546Z";14.609999656677246;63.59000015258789;21.799999237060547
"2021-03-07T06:29:42.935Z";14.799999237060547;65.97000122070313;21.399999618530273
"2021-03-07T06:39:42.249Z";14.199999809265137;63.869998931884766;21.299999237060547
"2021-03-07T06:49:41.575Z";14.25999927520752;63.88999938964844;21.350000381469727
"2021-03-07T06:59:40.887Z";14.319999694824219;63.959999084472656;21.389999389648438
"2021-03-07T07:09:40.237Z";13.679999351501465;61.34000015258789;21.389999389648438
"2021-03-07T07:19:39.551Z";14.09999942779541;62.90999984741211;21.439998626708984
"2021-03-07T07:29:38.810Z";13.949999809265137;62.38999938964844;21.399999618530273
"2021-03-07T07:39:37.987Z";13.649999618530273;61.22999954223633;21.389999389648438
"2021-03-07T07:49:37.189Z";13.799999237060547;61.939998626708984;21.369998931884766
"2021-03-07T07:59:36.466Z";13.739999771118164;61.869998931884766;21.31999969482422
"2021-03-07T08:09:35.684Z";13.529999732971191;61.02000045776367;21.329999923706055
"2021-03-07T08:19:34.957Z";13.719999313354492;61.77000045776367;21.329999923706055
"2021-03-07T08:29:34.224Z";13.869999885559082;62.16999816894531;21.3799991607666
"2021-03-07T08:39:33.496Z";13.549999237060547;60.8599967956543;21.389999389648438
"2021-03-07T08:49:32.841Z";13.630000114440918;61.34000015258789;21.34000015258789
"2021-03-07T08:59:31.986Z";13.6899995803833;61.529998779296875;21.35999870300293
"2021-03-07T09:09:31.286Z";13.449999809265137;60.88999938964844;21.279998779296875
"2021-03-07T09:22:39.812Z";13.539999961853027;61.099998474121094;21.31999969482422
"2021-03-07T09:32:39.040Z";13.429999351501465;60.59000015258789;21.329999923706055
"2021-03-07T09:42:38.332Z";13.109999656677246;59.47999954223633;21.299999237060547
"2021-03-07T09:52:37.671Z";12.799999237060547;58.54999923706055;21.219999313354492
"2021-03-07T10:02:37.046Z";13.319999694824219;60.39999771118164;21.270000457763672
"2021-03-07T10:12:36.382Z";13.00999927520752;59.27000045776367;21.239999771118164
"2021-03-07T10:22:35.703Z";12.949999809265137;58.89999771118164;21.28999900817871
"2021-03-07T10:32:35.148Z";13.019999504089355;59.1099967956543;21.299999237060547
"2021-03-07T10:42:34.678Z";12.710000038146973;58.16999816894531;21.229999542236328
"2021-03-07T10:52:33.942Z";12.519999504089355;57.46999740600586;21.219999313354492
"2021-03-07T11:02:33.340Z";12.630000114440918;57.93000030517578;21.209999084472656
"2021-03-07T11:12:37.754Z";12.729999542236328;58.209999084472656;21.239999771118164
"2021-03-07T11:22:32.164Z";12.5;57.23999786376953;21.270000457763672
"2021-03-07T11:32:31.594Z";12.699999809265137;57.93000030517578;21.28999900817871
"2021-03-07T11:42:36.783Z";12.479999542236328;57.03999710083008;21.299999237060547
"2021-03-07T11:52:30.367Z";12.639999389648438;57.23999786376953;21.420000076293945
"2021-03-07T12:02:29.622Z";12.699999809265137;56.61000061035156;21.65999984741211
"2021-03-07T12:12:28.690Z";12.59999942779541;55.91999816894531;21.760000228881836
"2021-03-07T12:22:27.921Z";12.569999694824219;55.36000061035156;21.889999389648438
"2021-03-07T12:32:27.193Z";12.4399995803833;54.68000030517578;21.94999885559082
"2021-03-07T12:42:26.056Z";12.50999927520752;54.869998931884766;21.959999084472656
"2021-03-07T12:52:27.547Z";12.50999927520752;54.54999923706055;22.059999465942383
"2021-03-07T13:02:24.150Z";12.130000114440918;53.13999938964844;22.079999923706055
"2021-03-07T13:12:23.265Z";12.359999656677246;53.54999923706055;22.209999084472656
"2021-03-07T13:22:22.335Z";12.529999732971191;53.54999923706055;22.389999389648438
"2021-03-07T13:32:21.503Z";12.399999618530273;52.97999954223633;22.420000076293945
"2021-03-07T13:42:20.631Z";12.529999732971191;53.59000015258789;22.3799991607666
"2021-03-07T13:52:19.736Z";12.4399995803833;53.16999816894531;22.399999618530273
"2021-03-07T14:02:18.916Z";12.449999809265137;53.36000061035156;22.35999870300293
"2021-03-07T14:22:17.380Z";12.269999504089355;53.28999710083008;22.189998626708984
"2021-03-07T14:32:16.502Z";12.289999961853027;53.64999771118164;22.100000381469727
"2021-03-07T14:42:15.653Z";12.229999542236328;53.77000045776367;21.989999771118164
"2021-03-07T14:52:14.809Z";11.84999942779541;52.64999771118164;21.93000030517578
"2021-03-07T15:02:13.913Z";12.119999885559082;53.71999740600586;21.889999389648438
"2021-03-07T15:12:13.006Z";11.819999694824219;52.82999801635742;21.84000015258789
"2021-03-07T15:22:12.052Z";11.789999961853027;52.75;21.829999923706055
"2021-03-07T15:32:11.240Z";11.889999389648438;52.48999786376953;22.020000457763672
"2021-03-07T15:42:10.427Z";11.859999656677246;52.13999938964844;22.100000381469727
"2021-03-07T15:52:09.573Z";11.9399995803833;52.459999084472656;22.09000015258789
"2021-03-07T16:02:08.684Z";11.979999542236328;52.57999801635742;22.09000015258789
"2021-03-07T16:12:07.846Z";12.1899995803833;53.53999710083008;22.029998779296875
"2021-03-07T16:22:07.086Z";12.309999465942383;54.05999755859375;21.989999771118164
"2021-03-07T16:32:06.390Z";12.859999656677246;55.91999816894531;22.03999900817871
"2021-03-07T16:42:05.560Z";12.899999618530273;56.189998626708984;21.989999771118164
"2021-03-07T16:52:05.080Z";12.649999618530273;55.34000015258789;21.969999313354492
"2021-03-07T17:02:03.778Z";12.619999885559082;55.80999755859375;21.809999465942383
"2021-03-07T17:12:03.691Z";12.889999389648438;56.86000061035156;21.78999900817871
"2021-03-07T17:22:02.180Z";12.899999618530273;56.84000015258789;21.809999465942383
"2021-03-07T17:32:01.420Z";13.029999732971191;57.5;21.760000228881836
"2021-03-07T17:42:00.616Z";12.90999984741211;57.19999694824219;21.719999313354492
"2021-03-07T17:51:59.820Z";12.9399995803833;57.439998626708984;21.68000030517578
"2021-03-07T18:01:59.266Z";13.199999809265137;57.87999725341797;21.829999923706055
"2021-03-07T18:11:58.327Z";13.829999923706055;54.77000045776367;23.420000076293945
"2021-03-07T18:21:58.361Z";14.59999942779541;55.03999710083008;24.170000076293945
"2021-03-07T18:31:56.791Z";15.199999809265137;56.47999954223633;24.389999389648438
"2021-03-07T18:41:55.990Z";15.429999351501465;57.349998474121094;24.3799991607666
"2021-03-07T18:51:55.203Z";15.449999809265137;57.38999938964844;24.389999389648438
"2021-03-07T19:01:54.433Z";15.079999923706055;56.23999786376953;24.31999969482422
"2021-03-07T19:11:53.700Z";14.75999927520752;55.48999786376953;24.19999885559082
"2021-03-07T19:21:52.892Z";15.1899995803833;56.34000015258789;24.420000076293945
"2021-03-07T19:31:52.127Z";15.059999465942383;55.27000045776367;24.59000015258789
"2021-03-07T19:41:51.389Z";15.059999465942383;55.16999816894531;24.619998931884766
"2021-03-07T19:51:50.653Z";14.829999923706055;54.11000061035156;24.69999885559082
"2021-03-07T20:01:49.935Z";14.50999927520752;53.15999984741211;24.649999618530273
"2021-03-07T20:11:49.165Z";14.449999809265137;52.939998626708984;24.649999618530273
"2021-03-07T20:21:48.329Z";13.59000015258789;49.14999771118164;24.94999885559082
"2021-03-07T20:31:47.560Z";14.469999313354492;51.81999969482422;25.029998779296875
"2021-03-07T20:41:46.783Z";15.279999732971191;54.25;25.149999618530273
"2021-03-07T20:51:46.003Z";15.139999389648438;53.52000045776367;25.219999313354492
"2021-03-07T21:01:45.213Z";15.019999504089355;53.55999755859375;25.06999969482422
"2021-03-07T21:11:44.481Z";15.0;54.03999710083008;24.899999618530273
"2021-03-07T21:21:43.575Z";14.779999732971191;53.61000061035156;24.799999237060547
"2021-03-07T21:31:42.724Z";15.299999237060547;55.57999801635742;24.760000228881836
"2021-03-07T21:41:42.020Z";15.699999809265137;56.80999755859375;24.829999923706055
"2021-03-07T21:51:41.250Z";15.670000076293945;56.62999725341797;24.850000381469727
"2021-03-07T22:01:40.427Z";15.839999198913574;57.529998779296875;24.760000228881836
"2021-03-07T22:11:39.602Z";15.6899995803833;57.38999938964844;24.639999389648438
"2021-03-07T22:21:38.829Z";15.9399995803833;58.349998474121094;24.6299991607666
"2021-03-07T22:31:38.016Z";16.170000076293945;59.05999755859375;24.68000030517578
"2021-03-07T22:41:37.238Z";16.010000228881836;58.5099983215332;24.65999984741211
"2021-03-07T22:51:36.529Z";15.949999809265137;58.52000045776367;24.600000381469727
"2021-03-07T23:01:35.662Z";16.059999465942383;59.23999786376953;24.510000228881836
"2021-03-07T23:03:22.423Z";16.020000457763672;59.099998474121094;24.5
"2021-03-07T23:13:21.709Z";15.90999984741211;58.96999740600586;24.43000030517578
"2021-03-07T23:23:21.064Z";16.029998779296875;59.40999984741211;24.43000030517578
"2021-03-07T23:33:20.359Z";15.960000038146973;58.849998474121094;24.510000228881836
"2021-03-07T23:43:19.530Z";15.40999984741211;56.869998931884766;24.489999771118164
"2021-03-07T23:53:18.948Z";15.069999694824219;55.63999938964844;24.489999771118164
"2021-03-08T00:03:17.854Z";15.34999942779541;56.34000015258789;24.59000015258789
"2021-03-08T00:13:17.154Z";15.839999198913574;57.63999938964844;24.729999542236328
"2021-03-08T00:23:16.460Z";15.839999198913574;57.77000045776367;24.69999885559082
"2021-03-08T00:33:15.670Z";16.670000076293945;61.52000045776367;24.529998779296875
"2021-03-08T00:43:15.546Z";15.670000076293945;58.28999710083008;24.35999870300293
"2021-03-08T00:53:14.388Z";15.119999885559082;56.12999725341797;24.399999618530273
"2021-03-08T01:03:13.669Z";15.489999771118164;57.05999755859375;24.529998779296875
"2021-03-08T01:13:12.860Z";15.369999885559082;56.65999984741211;24.510000228881836
"2021-03-08T01:23:12.042Z";15.469999313354492;56.90999984741211;24.549999237060547
"2021-03-08T01:33:11.171Z";15.569999694824219;56.88999938964844;24.65999984741211
"2021-03-08T01:43:10.741Z";15.789999961853027;57.84000015258789;24.619998931884766
"2021-03-08T01:53:09.706Z";15.34999942779541;56.13999938964844;24.639999389648438
"2021-03-08T02:03:08.486Z";15.90999984741211;58.53999710083008;24.549999237060547
"2021-03-08T02:13:07.718Z";16.029998779296875;60.12999725341797;24.229999542236328
"2021-03-08T02:23:06.909Z";16.10999870300293;60.44999694824219;24.229999542236328
"2021-03-08T02:33:06.112Z";16.020000457763672;60.04999923706055;24.239999771118164
"2021-03-08T02:43:05.319Z";15.719999313354492;58.77000045776367;24.279998779296875
"2021-03-08T02:53:04.465Z";15.359999656677246;57.2599983215332;24.329999923706055
"2021-03-08T03:03:04.195Z";16.59000015258789;62.54999923706055;24.170000076293945
"2021-03-08T03:13:03.247Z";15.819999694824219;60.80999755859375;23.81999969482422
"2021-03-08T03:23:02.147Z";15.84999942779541;60.5;23.939998626708984
"2021-03-08T03:33:01.576Z";16.350000381469727;63.05999755859375;23.76999855041504
"2021-03-08T03:43:00.713Z";16.049999237060547;59.619998931884766;24.399999618530273
"2021-03-08T03:53:00.017Z";15.979999542236328;57.97999954223633;24.779998779296875
"2021-03-08T04:02:59.424Z";15.589999198913574;55.73999786376953;25.01999855041504
"2021-03-08T04:12:58.512Z";15.719999313354492;56.119998931884766;25.049999237060547
"2021-03-08T04:22:57.751Z";15.710000038146973;56.189998626708984;25.01999855041504
"2021-03-08T04:32:56.995Z";15.960000038146973;58.2599983215332;24.68000030517578
"2021-03-08T04:42:56.333Z";16.139999389648438;59.13999938964844;24.619998931884766
"2021-03-08T04:52:55.788Z";15.40999984741211;55.77000045776367;24.829999923706055
"2021-03-08T05:02:55.424Z";15.799999237060547;56.709999084472656;24.969999313354492
"2021-03-08T05:12:54.297Z";15.170000076293945;54.22999954223633;25.029998779296875
"2021-03-08T05:22:53.832Z";15.059999465942383;53.619998931884766;25.100000381469727
"2021-03-08T05:32:52.970Z";16.079999923706055;56.63999938964844;25.28999900817871
"2021-03-08T05:42:52.253Z";15.75999927520752;55.19999694824219;25.369998931884766
"2021-03-08T05:52:51.646Z";15.25999927520752;53.619998931884766;25.31999969482422
"2021-03-08T06:02:50.919Z";14.989999771118164;54.48999786376953;24.760000228881836
"2021-03-08T06:12:50.266Z";14.949999809265137;59.0099983215332;23.389999389648438
"2021-03-08T06:22:49.841Z";14.359999656677246;59.68000030517578;22.56999969482422
"2021-03-08T06:32:49.114Z";14.549999237060547;62.07999801635742;22.119998931884766
"2021-03-08T06:42:48.564Z";14.369999885559082;62.44999694824219;21.84000015258789
"2021-03-08T06:45:08.133Z";14.429999351501465;62.77000045776367;21.81999969482422
"2021-03-08T06:55:07.381Z";14.059999465942383;61.709999084472656;21.69999885559082
"2021-03-08T07:05:06.998Z";14.149999618530273;62.27000045776367;21.649999618530273
"2021-03-08T07:15:06.626Z";14.149999618530273;62.5099983215332;21.59000015258789
"2021-03-08T07:25:06.345Z";13.899999618530273;61.69999694824219;21.53999900817871
"2021-03-08T07:35:05.889Z";14.0;62.1099967956543;21.529998779296875
"2021-03-08T07:45:04.949Z";13.989999771118164;62.2599983215332;21.489999771118164
"2021-03-08T07:55:04.799Z";13.779999732971191;61.5;21.469999313354492
"2021-03-08T08:05:03.987Z";13.899999618530273;62.0;21.459999084472656
"2021-03-08T08:15:03.981Z";13.90999984741211;62.2599983215332;21.399999618530273
"2021-03-08T08:25:03.686Z";13.519999504089355;60.8599967956543;21.35999870300293
"2021-03-08T08:35:02.364Z";13.729999542236328;61.65999984741211;21.369998931884766
"2021-03-08T08:45:01.800Z";13.639999389648438;61.5;21.31999969482422
"2021-03-08T08:55:01.405Z";13.5;61.04999923706055;21.28999900817871
"2021-03-08T09:05:00.897Z";13.569999694824219;61.30999755859375;21.28999900817871
"2021-03-08T09:15:00.337Z";13.59999942779541;61.56999969482422;21.25
"2021-03-08T09:24:59.741Z";13.369999885559082;60.73999786376953;21.229999542236328
"2021-03-08T09:34:59.178Z";13.5;61.279998779296875;21.219999313354492
"2021-03-08T09:44:58.660Z";13.460000038146973;61.25;21.189998626708984
"2021-03-08T09:54:57.957Z";13.229999542236328;60.39999771118164;21.170000076293945
"2021-03-08T10:04:57.398Z";13.359999656677246;60.94999694824219;21.170000076293945
"2021-03-08T10:14:56.939Z";13.319999694824219;60.8599967956543;21.149999618530273
"2021-03-08T10:21:18.470Z";13.380000114440918;61.02000045776367;21.170000076293945
"2021-03-08T10:31:17.954Z";13.4399995803833;61.189998626708984;21.18000030517578
"2021-03-08T10:41:17.590Z";13.229999542236328;60.349998474121094;21.18000030517578
"2021-03-08T10:51:17.274Z";13.229999542236328;60.46999740600586;21.15999984741211
"2021-03-08T11:01:16.410Z";13.219999313354492;60.53999710083008;21.1299991607666
"2021-03-08T11:11:15.871Z";13.069999694824219;60.06999969482422;21.09000015258789
"2021-03-08T11:21:15.344Z";13.130000114440918;60.29999923706055;21.09000015258789
"2021-03-08T11:31:14.691Z";13.149999618530273;60.25;21.1299991607666
"2021-03-08T11:41:14.094Z";13.109999656677246;59.959999084472656;21.170000076293945
"2021-03-08T11:51:13.502Z";13.309999465942383;60.599998474121094;21.19999885559082
"2021-03-08T12:01:13.018Z";13.34000015258789;60.689998626708984;21.209999084472656
"2021-03-08T12:11:12.495Z";13.809999465942383;61.939998626708984;21.3799991607666
"2021-03-08T12:21:11.875Z";13.90999984741211;61.57999801635742;21.579999923706055
"2021-03-08T12:31:11.143Z";14.239999771118164;61.8599967956543;21.850000381469727
"2021-03-08T12:41:10.400Z";14.34000015258789;62.0099983215332;21.920000076293945
"2021-03-08T12:51:09.659Z";14.489999771118164;62.34000015258789;21.989999771118164
"2021-03-08T13:01:08.954Z";14.549999237060547;61.97999954223633;22.15999984741211
"2021-03-08T13:11:08.247Z";14.569999694824219;61.64999771118164;22.260000228881836
"2021-03-08T13:21:07.482Z";14.40999984741211;60.81999969482422;22.31999969482422
"2021-03-08T13:31:06.706Z";14.739999771118164;61.8599967956543;22.389999389648438
"2021-03-08T13:41:06.036Z";14.859999656677246;62.209999084472656;22.420000076293945
"2021-03-08T13:51:05.213Z";14.769999504089355;62.209999084472656;22.329999923706055
"2021-03-08T14:01:04.219Z";14.6899995803833;62.19999694824219;22.239999771118164
"2021-03-08T14:11:03.300Z";14.670000076293945;62.099998474121094;22.25
"2021-03-08T14:21:02.739Z";14.519999504089355;61.88999938964844;22.139999389648438
"2021-03-08T14:31:01.695Z";14.469999313354492;61.57999801635742;22.18000030517578
"2021-03-08T14:41:00.944Z";14.380000114440918;61.38999938964844;22.1299991607666
"2021-03-08T14:50:59.800Z";14.719999313354492;62.68000030517578;22.15999984741211
"2021-03-08T15:00:58.953Z";14.329999923706055;61.30999755859375;22.100000381469727
"2021-03-08T15:10:58.098Z";14.549999237060547;62.14999771118164;22.10999870300293
"2021-03-08T15:20:57.311Z";14.50999927520752;61.88999938964844;22.1299991607666
"2021-03-08T15:30:56.493Z";14.519999504089355;61.69999694824219;22.19999885559082
"2021-03-08T15:40:55.710Z";14.5;61.62999725341797;22.189998626708984
"2021-03-08T15:50:54.870Z";14.839999198913574;62.88999938964844;22.219999313354492
"2021-03-08T16:00:54.137Z";14.519999504089355;61.71999740600586;22.189998626708984
"2021-03-08T16:10:53.362Z";14.460000038146973;61.62999725341797;22.15999984741211
"2021-03-08T16:20:52.539Z";14.460000038146973;62.02000045776367;22.049999237060547
"2021-03-08T16:30:51.724Z";14.429999351501465;61.959999084472656;22.029998779296875
"2021-03-08T16:40:51.011Z";14.569999694824219;62.48999786376953;22.03999900817871
"2021-03-08T16:50:50.280Z";14.679999351501465;63.1099967956543;21.989999771118164
"2021-03-08T17:00:49.527Z";14.609999656677246;62.959999084472656;21.959999084472656
"2021-03-08T17:10:49.414Z";14.460000038146973;62.43000030517578;21.939998626708984
"2021-03-08T17:20:48.535Z";14.369999885559082;62.349998474121094;21.869998931884766
"2021-03-08T17:30:47.608Z";14.399999618530273;62.47999954223633;21.869998931884766
"2021-03-08T17:40:47.021Z";14.359999656677246;62.209999084472656;21.899999618530273
"2021-03-08T17:50:46.242Z";14.50999927520752;62.90999984741211;21.869998931884766
"2021-03-08T18:00:45.414Z";14.380000114440918;62.46999740600586;21.84000015258789
"2021-03-08T18:10:44.723Z";14.869999885559082;58.63999938964844;23.40999984741211
"2021-03-08T18:20:44.028Z";15.319999694824219;57.29999923706055;24.26999855041504
"2021-03-08T18:30:43.272Z";15.789999961853027;57.369998931884766;24.760000228881836
"2021-03-08T18:40:42.497Z";15.569999694824219;55.73999786376953;25.0
"2021-03-08T18:50:41.847Z";15.609999656677246;55.04999923706055;25.25
